0
6
2
6
4
3
-1
0
0
0
0
0
0
0
0
0
0
0
0
0
0
0
0
0
0
0
0
-8
0
0
0
0
0
14
10
0
0
0
0
0
0
0
0
3
8
-7
22
0
9
6
-1
2
3
13
-3
25
2
3
14
-2
-7
0
0
0
4
-2
24
37
55
3
29
-2
2
4
14
8
3
-2
0
17
5
6
0
1
-1
16
-3
14
3
3
14
21
5
-4
2
-5
8
6
6
0
16
12
31
20
27
4
-2
-2
22
17
14
3
3
4
4
1
0
-2
15
-5
4
-2
25
8
11
9
6
6
15
1
8
-2
-2
2
0
-4
5
-7
0
16
-2
22
10
-2
15
2
4
11
-2
9
27
8
19
12
4
10
-1
3
27
5
2
8
16
13
6
12
14
12
11
-2
28
4
7
4
11
18
-2
-2
2
3
13
3
15
13
1
11
3
12
2
13
9
11
10
-2
16
19
9
0
10
13
12
5
4
-8
13
-1
-2
-5
-3
5
12
-2
22
7
-2
23
18
19
-2
53
6
21
-2
9
-9
12
6
-5
-7
-2
11
3
5
26
-2
4
3
-2
-20
-29
0
1
21
3
-2
1
3
9
37
3
-8
4
7
-2
-1
-4
25
18
22
5
-2
-2
19
-4
0
7
1
12
5
13
7
-1
16
-2
1
8
16
39
-4
7
27
4
24
-2
0
9
1
0
9
8
18
8
30
14
49
-1
11
-2
0
-1
50
1
4
15
-4
3
-9
18
15
9
19
1
44
-7
2
-2
17
-2
6
3
-2
12
-2
1
6
0
8
15
39
-4
8
1
-2
13
-2
12
-2
34
13
-2
-2
-2
-2
1
-2
-2
0
-2
-2
-2
-2
0
-2
3
-2
-2
4
0
-4
8
8
8
6
22
0
5
7
14
0
6
-2
12
3
0
3
-7
-2
0
0
0
11
8
0
12
0
0
3
4
0
16
-2
4
0
0
0
3
0
1
0
0
0
0
6
2
6
4
3
-1
0
0
0
0
0
0
0
0
0
0
0
0
0
0
0
0
0
0
0
0
-8
0
0
0
0
0
14
10
0
0
0
0
0
0
0
0
3
8
-7
22
0
9
6
-1
2
3
13
-3
25
2
3
14
-2
-7
0
0
0
4
-2
24
37
55
3
29
-2
2
4
14
8
3
-2
0
17
5
6
0
1
-1
16
-3
14
3
3
14
21
5
-4
2
-5
8
6
6
0
16
12
31
20
27
4
-2
-2
22
17
14
3
3
4
4
1
0
-2
15
-5
4
-2
25
8
11
9
6
6
15
1
8
-2
-2
2
0
-4
5
-7
0
16
-2
22
10
-2
15
2
4
11
-2
9
27
8
19
12
4
10
-1
3
27
5
2
8
16
13
6
12
14
12
11
-2
28
4
7
4
11
18
-2
-2
2
3
13
3
15
13
1
11
3
12
2
13
9
11
10
-2
16
19
9
0
10
13
12
5
4
-8
13
-1
-2
-5
-3
5
12
-2
22
7
-2
23
18
19
-2
53
6
21
-2
9
-9
12
6
-5
-7
-2
11
3
5
26
-2
4
3
-2
-20
-29
0
1
21
3
-2
1
3
9
37
3
-8
4
7
-2
-1
-4
25
18
22
5
-2
-2
19
-4
0
7
1
12
5
13
7
-1
16
-2
1
8
16
39
-4
7
27
4
24
-2
0
9
1
0
9
8
18
8
30
14
49
-1
11
-2
0
-1
50
1
4
15
-4
3
-9
18
15
9
19
1
44
-7
2
-2
17
-2
6
3
-2
12
-2
1
6
0
8
15
39
-4
8
1
-2
13
-2
12
-2
34
13
-2
-2
-2
-2
1
-2
-2
0
-2
-2
-2
-2
0
-2
3
-2
-2
4
0
-4
8
8
8
6
22
0
5
7
14
0
6
-2
12
3
0
3
-7
-2
0
0
0
11
8
0
12
0
0
3
4
0
16
-2
4
0
0
0
3
0
1
0
0
0
0
6
2
6
4
3
-1
0
0
0
0
0
0
0
0
0
0
0
0
0
0
0
0
0
0
0
0
-8
0
0
0
0
0
14
10
0
0
0
0
0
0
0
0
3
8
-7
22
0
9
6
-1
2
3
13
-3
25
2
3
14
-2
-7
0
0
0
4
-2
24
37
55
3
29
-2
2
4
14
8
3
-2
0
17
5
6
0
1
-1
16
-3
14
3
3
14
21
5
-4
2
-5
8
6
6
0
16
12
31
20
27
4
-2
-2
22
17
14
3
3
4
4
1
0
-2
15
-5
4
-2
25
8
11
9
6
6
15
1
8
-2
-2
2
0
-4
5
-7
0
16
-2
22
10
-2
15
2
4
11
-2
9
27
8
19
12
4
10
-1
3
27
5
2
8
16
13
6
12
14
12
11
-2
28
4
7
4
11
18
-2
-2
2
3
13
3
15
13
1
11
3
12
2
13
9
11
10
-2
16
19
9
0
10
13
12
5
4
-8
13
-1
-2
-5
-3
5
12
-2
22
7
-2
23
18
19
-2
53
6
21
-2
9
-9
12
6
-5
-7
-2
11
3
5
26
-2
4
3
-2
-20
-29
0
1
21
3
-2
1
3
9
37
3
-8
4
7
-2
-1
-4
25
18
22
5
-2
-2
19
-4
0
7
1
12
5
13
7
-1
16
-2
1
8
16
39
-4
7
27
4
24
-2
0
9
1
0
9
8
18
8
30
14
49
-1
11
-2
0
-1
50
1
4
15
-4
3
-9
18
15
9
19
1
44
-7
2
-2
17
-2
6
3
-2
12
-2
1
6
0
8
15
39
-4
8
1
-2
13
-2
12
-2
34
13
-2
-2
-2
-2
1
-2
-2
0
-2
-2
-2
-2
0
-2
3
-2
-2
4
0
-4
8
8
8
6
22
0
5
7
14
0
6
-2
12
3
0
3
-7
-2
0
0
0
11
8
0
12
0
0
3
4
0
16
-2
4
0
0
0
3
0
1
0
0
0
0
6
2
6
4
3
-1
0
0
0
0
0
0
0
0
0
0
0
0
0
0
0
0
0
0
0
0
-8
0
0
0
0
0
14
10
0
0
0
0
0
0
0
0
3
8
-7
22
0
9
6
-1
2
3
13
-3
25
2
3
14
-2
-7
0
0
0
4
-2
24
37
55
3
29
-2
2
4
14
8
3
-2
0
17
5
6
0
1
-1
16
-3
14
3
3
14
21
5
-4
2
-5
8
6
6
0
16
12
31
20
27
4
-2
-2
22
17
14
3
3
4
4
1
0
-2
15
-5
4
-2
25
8
11
9
6
6
15
1
8
-2
-2
2
0
-4
5
-7
0
16
-2
22
10
-2
15
2
4
11
-2
9
27
8
19
12
4
10
-1
3
27
5
2
8
16
13
6
12
14
12
11
-2
28
4
7
4
11
18
-2
-2
2
3
13
3
15
13
1
11
3
12
2
13
9
11
10
-2
16
19
9
0
10
13
12
5
4
-8
13
-1
-2
-5
-3
5
12
-2
22
7
-2
23
18
19
-2
53
6
21
-2
9
-9
12
6
-5
-7
-2
11
3
5
26
-2
4
3
-2
-20
-29
0
1
21
3
-2
1
3
9
37
3
-8
4
7
-2
-1
-4
25
18
22
5
-2
-2
19
-4
0
7
1
12
5
13
7
-1
16
-2
1
8
16
39
-4
7
27
4
24
-2
0
9
1
0
9
8
18
8
30
14
49
-1
11
-2
0
-1
50
1
4
15
-4
3
-9
18
15
9
19
1
44
-7
2
-2
17
-2
6
3
-2
12
-2
1
6
0
8
15
39
-4
8
1
-2
13
-2
12
-2
34
13
-2
-2
-2
-2
1
-2
-2
0
-2
-2
-2
-2
0
-2
3
-2
-2
4
0
-4
8
8
8
6
22
0
5
7
14
0
6
-2
12
3
0
3
-7
-2
0
0
0
11
8
0
12
0
0
3
4
0
16
-2
4
0
0
0
3
0
1
0
0
0
0
6
2
6
4
3
-1
0
0
0
0
0
0
0
0
0
0
0
0
0
0
0
0
0
0
0
0
-8
0
0
0
0
0
14
10
0
0
0
0
0
0
0
0
3
8
-7
22
0
9
6
-1
2
3
13
-3
25
2
3
14
-2
-7
0
0
0
4
-2
24
37
55
3
29
-2
2
4
14
8
3
-2
0
17
5
6
0
1
-1
16
-3
14
3
3
14
21
5
-4
2
-5
8
6
6
0
16
12
31
20
27
4
-2
-2
22
17
14
3
3
4
4
1
0
-2
15
-5
4
-2
25
8
11
9
6
6
15
1
8
-2
-2
2
0
-4
5
-7
0
16
-2
22
10
-2
15
2
4
11
-2
9
27
8
19
12
4
10
-1
3
27
5
2
8
16
13
6
12
14
12
11
-2
28
4
7
4
11
18
-2
-2
2
3
13
3
15
13
1
11
3
12
2
13
9
11
10
-2
16
19
9
0
10
13
12
5
4
-8
13
-1
-2
-5
-3
5
12
-2
22
7
-2
23
18
19
-2
53
6
21
-2
9
-9
12
6
-5
-7
-2
11
3
5
26
-2
4
3
-2
-20
-29
0
1
21
3
-2
1
3
9
37
3
-8
4
7
-2
-1
-4
25
18
22
5
-2
-2
19
-4
0
7
1
12
5
13
7
-1
16
-2
1
8
16
39
-4
7
27
4
24
-2
0
9
1
0
9
8
18
8
30
14
49
-1
11
-2
0
-1
50
1
4
15
-4
3
-9
18
15
9
19
1
44
-7
2
-2
17
-2
6
3
-2
12
-2
1
6
0
8
15
39
-4
8
1
-2
13
-2
12
-2
34
13
-2
-2
-2
-2
1
-2
-2
0
-2
-2
-2
-2
0
-2
3
-2
-2
4
0
-4
8
8
8
6
22
0
5
7
14
0
6
-2
12
3
0
3
-7
-2
0
0
0
11
8
0
12
0
0
3
4
0
16
-2
4
0
0
0
3
0
1
0
0
0
0
6
2
6
4
3
-1
0
0
0
0
0
0
0
0
0
0
0
0
0
0
0
0
0
0
0
0
-8
0
0
0
0
0
14
10
0
0
0
0
0
0
0
0
3
8
-7
22
0
9
6
-1
2
3
13
-3
25
2
3
14
-2
-7
0
0
0
4
-2
24
37
55
3
29
-2
2
4
14
8
3
-2
0
17
5
6
0
1
-1
16
-3
14
3
3
14
21
5
-4
2
-5
8
6
6
0
16
12
31
20
27
4
-2
-2
22
17
14
3
3
4
4
1
0
-2
15
-5
4
-2
25
8
11
9
6
6
15
1
8
-2
-2
2
0
-4
5
-7
0
16
-2
22
10
-2
15
2
4
11
-2
9
27
8
19
12
4
10
-1
3
27
5
2
8
16
13
6
12
14
12
11
-2
28
4
7
4
11
18
-2
-2
2
3
13
3
15
13
1
11
3
12
2
13
9
11
10
-2
16
19
9
0
10
13
12
5
4
-8
13
-1
-2
-5
-3
5
12
-2
22
7
-2
23
18
19
-2
53
6
21
-2
9
-9
12
6
-5
-7
-2
11
3
5
26
-2
4
3
-2
-20
-29
0
1
21
3
-2
1
3
9
37
3
-8
4
7
-2
-1
-4
25
18
22
5
-2
-2
19
-4
0
7
1
12
5
13
7
-1
16
-2
1
8
16
39
-4
7
27
4
24
-2
0
9
1
0
9
8
18
8
30
14
49
-1
11
-2
0
-1
50
1
4
15
-4
3
-9
18
15
9
19
1
44
-7
2
-2
17
-2
6
3
-2
12
-2
1
6
0
8
15
39
-4
8
1
-2
13
-2
12
-2
34
13
-2
-2
-2
-2
1
-2
-2
0
-2
-2
-2
-2
0
-2
3
-2
-2
4
0
-4
8
8
8
6
22
0
5
7
14
0
6
-2
12
3
0
3
-7
-2
0
0
0
11
8
0
12
0
0
3
4
0
16
-2
4
0
0
0
3
0
1
0
0
0
